"SPORT_CODE_SA","GENDER_SA","ETHNICITY_SA","DATATAB_FED_NUM","FED_NUM_2011_SA","FED_NUM_2010_SA","FED_NUM_2009_SA","FED_NUM_2008_SA","FED_NUM_2007_SA","FED_NUM_2006_SA","FED_NUM_2005_SA","FED_NUM_2004_SA","FED_NUM_2003_SA","FED_NUM_2002_SA","FED_NUM_2001_SA","FED_NUM_2000_SA","FED_NUM_1999_SA","FED_NUM_1998_SA","FED_NUM_1997_SA","FED_NUM_1996_SA","FED_NUM_1995_SA","DATATAB_FED_DEN","FED_DEN_2011_SA","FED_DEN_2010_SA","FED_DEN_2009_SA","FED_DEN_2008_SA","FED_DEN_2007_SA","FED_DEN_2006_SA","FED_DEN_2005_SA","FED_DEN_2004_SA","FED_DEN_2003_SA","FED_DEN_2002_SA","FED_DEN_2001_SA","FED_DEN_2000_SA","FED_DEN_1999_SA","FED_DEN_1998_SA","FED_DEN_1997_SA","FED_DEN_1996_SA","FED_DEN_1995_SA","DATATAB_GSR_NUM","GSR_NUM_2011_SA","GSR_NUM_2010_SA","GSR_NUM_2009_SA","GSR_NUM_2008_SA","GSR_NUM_2007_SA","GSR_NUM_2006_SA","GSR_NUM_2005_SA","GSR_NUM_2004_SA","GSR_NUM_2003_SA","GSR_NUM_2002_SA","GSR_NUM_2001_SA","GSR_NUM_2000_SA","GSR_NUM_1999_SA","GSR_NUM_1998_SA","GSR_NUM_1997_SA","GSR_NUM_1996_SA","GSR_NUM_1995_SA","DATATAB_GSR_DEN","GSR_DEN_2011_SA","GSR_DEN_2010_SA","GSR_DEN_2009_SA","GSR_DEN_2008_SA","GSR_DEN_2007_SA","GSR_DEN_2006_SA","GSR_DEN_2005_SA","GSR_DEN_2004_SA","GSR_DEN_2003_SA","GSR_DEN_2002_SA","GSR_DEN_2001_SA","GSR_DEN_2000_SA","GSR_DEN_1999_SA","GSR_DEN_1998_SA","GSR_DEN_1997_SA","GSR_DEN_1996_SA","GSR_DEN_1995_SA"
"MBA","M","aa",,46,36,37,39,47,42,53,27,42,37,43,29,36,39,28,44,31,,81,90,82,91,118,92,127,84,102,94,108,89,95,97,88,91,87.03,,65,65,56,56,58,62,78,57,64,56,68,44,51,58,41,62,52,,93,90,82,81,100,102,126,92,114,99,120,93,116,115,114,113,111.03
"MBA","M","hsp",,53,45,49,59,50,52,39,16,32,22,39,42,28,19,29,19,20,,142,94,129,118,112,131,100,71,90,61,91,94,73,51,57,61,59,,101,93,94,99,91,86,80,50,60,51,68,72,62,36,53,47,32,,135,113,129,121,133,120,116,80,109,89,116,107,109,82,88,91,73
"MBA","M","oth",,59,64,57,51,29,39,47,44,35,41,42,39,37,23,23,27,21,,129,151,112,98,65,76,91,79,93,101,96,88,81,81,75,62,43,,111,113,96,97,83,89,107,101,80,88,88,82,70,60,54,56,34,,139,138,118,118,101,128,135,120,115,133,126,131,118,111,101,86,54
"MBA","M","wht",,782,710,725,680,836,758,756,755,703,686,653,585,600,599,578,590,601,,1446,1325,1381,1389,1579,1533,1473,1509,1466,1366,1281,1273,1250,1273,1257,1199,1169,,1237,1138,1172,1134,1243,1226,1214,1285,1148,1114,1076,991,1012,1017,963,963,947,,1441,1358,1398,1420,1552,1585,1577,1641,1612,1544,1455,1430,1451,1500,1438,1401,1387
"MBB","M","aa",,268,267,261,247,284,243,236,228,202,206,198,223,205,185,200,177,176,,592,545,613,596,655,596,547,556,472,464,453,516,492,486,466,435,494,,526,505,504,457,486,462,427,411,408,350,347,358,345,295,340,308,304,,642,641,661,643,727,684,633,669,675,608,605,647,649,590,641,641,667
"MBB","M","hsp",,9,8,11,10,7,12,8,3,4,5,5,0,3,3,3,11,4,,20,17,17,17,19,22,19,19,10,9,9,4,8,7,12,18,11,,21,19,17,15,12,13,16,8,13,7,8,5,6,5,8,17,7,,21,22,20,22,15,19,21,15,25,12,12,9,11,8,17,23,14
"MBB","M","oth",,60,78,57,51,50,61,57,48,58,56,48,51,56,43,34,33,23,,181,214,130,103,101,116,115,93,109,102,104,109,102,99,72,94,51,,128,140,120,108,99,114,111,85,100,90,81,89,78,76,59,56,46,,149,174,151,138,116,143,137,113,133,124,115,127,124,113,94,89,71
"MBB","M","wht",,120,119,126,148,142,142,137,131,123,137,142,129,143,145,135,143,159,,199,210,228,257,241,260,237,231,231,218,235,248,272,271,285,275,287,,173,187,184,212,202,209,229,198,199,192,205,210,225,224,208,236,236,,185,202,197,237,224,253,261,236,243,230,250,258,296,297,281,298,310
"MFB","M","aa",,1230,1141,1118,1141,1121,1042,1022,1008,957,907,928,893,806,798,808,767,827,,2102,1971,2065,2090,2072,1985,1974,1952,1984,1822,1890,1751,1645,1644,1653,1602,1844,,1760,1570,1565,1567,1510,1444,1355,1330,1315,1153,1153,1159,1089,1021,1010,1002,1032,,2399,2203,2333,2336,2359,2375,2276,2181,2264,2014,2028,1975,1934,1873,1854,1843,2005
"MFB","M","hsp",,45,49,42,43,43,44,40,31,46,25,36,32,32,29,19,34,25,,77,77,81,80,54,74,67,57,83,63,65,59,55,59,56,57,57,,88,81,83,73,75,85,65,61,65,43,50,82,68,56,44,67,46,,109,105,119,98,91,113,84,84,100,78,79,110,98,89,86,95,87
"MFB","M","oth",,180,209,192,135,101,114,110,100,95,82,92,99,93,85,81,65,65,,374,428,311,226,186,198,188,179,192,173,198,206,175,170,177,143,129,,322,374,337,296,216,231,203,206,144,133,142,171,151,133,125,115,106,,428,507,437,371,296,313,293,300,222,228,269,286,252,210,216,199,194
"MFB","M","wht",,881,817,889,875,906,893,914,868,856,884,832,851,836,877,990,881,905,,1217,1167,1258,1271,1328,1309,1351,1323,1343,1375,1341,1397,1373,1425,1515,1436,1433,,1337,1319,1409,1405,1471,1384,1505,1471,1339,1275,1196,1227,1500,1380,1456,1395,1427,,1524,1526,1607,1664,1726,1680,1851,1795,1727,1641,1565,1641,1976,1792,1849,1861,1887
"MFE","M","aa",,,,,,,,,,,,,,,,,2,,,,,,,,,,,,,,,,,,4,,,,,,,,4,,,,,,,,,,3,,,,,,,,4,,,,,,,,,,5,
"MFE","M","hsp",,,,,,,,,,,,,,,,,,,,,,,,,,,,,,,,,,,,,,,,,3,,,,,,,,,,,,,,,,,,4,,,,,,,,,,,,,
"MFE","M","oth",,5,3,3,3,,,,4,,,5,,,4,2,,,,6,4,4,4,,,,5,,,5,,,5,5,,,,15,12,14,13,10,14,10,20,,3,6,,4,7,,,,,17,12,15,13,11,14,12,22,,4,6,,4,7,,,
"MFE","M","wht",,7,6,6,4,8,3,8,4,7,6,5,3,,3,3,2,,,9,8,9,5,14,8,10,7,7,10,6,6,,4,4,4,,,15,30,22,18,23,17,32,21,10,11,8,8,10,10,8,9,,,16,31,25,20,26,22,35,24,10,15,11,10,12,12,9,10,
"MGO","M","aa",,4,9,4,9,6,3,7,10,6,4,9,9,10,3,7,2,5,,7,19,13,18,13,9,18,16,9,11,25,18,18,9,15,7,9,,4,12,7,7,7,4,5,9,10,3,9,9,11,5,11,3,6,,7,17,12,12,11,7,13,10,10,11,18,17,18,11,16,7,10
"MGO","M","hsp",,9,7,9,5,5,8,5,5,4,8,6,6,5,8,3,6,6,,14,10,15,11,13,12,11,13,6,8,11,12,9,11,8,8,12,,12,9,15,8,10,9,15,9,7,15,8,10,6,9,5,10,8,,16,11,18,11,15,12,17,13,10,16,11,14,10,10,9,10,15
"MGO","M","oth",,80,69,61,60,70,60,56,54,65,61,57,43,54,45,30,29,35,,118,112,105,101,98,95,95,89,98,106,85,77,88,73,54,57,57,,116,109,90,87,101,77,80,74,85,71,69,70,73,58,55,38,50,,135,124,109,110,113,99,99,94,104,102,91,87,92,77,71,61,64
"MGO","M","wht",,303,270,277,304,299,266,301,266,285,272,258,225,258,236,236,234,212,,419,380,391,434,434,394,439,395,411,394,418,380,396,397,401,355,347,,381,351,374,382,382,352,396,358,366,344,338,316,321,322,325,335,315,,413,403,415,433,437,418,474,424,423,415,413,384,401,411,420,423,404
"MGY","M","aa",,,,,,,4,,,,3,,,,,,,,,,,,,,4,,,,4,,,,,,,,,,,,,,4,,,,3,,2,,,,,,,,,,,,4,,,,4,,4,,,,,
"MGY","M","hsp",,,,,,,,,,,,,,,3,,,,,,,,,,,,,,,,,,4,,,,,,,,,,,,,,,,,,,,,,,,,,,,,,,,,,,,,,,
"MGY","M","oth",,7,,7,,5,,6,4,4,,4,,1,6,5,6,,,8,,8,,5,,7,4,5,,5,,4,6,6,7,,,8,6,9,5,7,5,7,9,5,,8,7,2,6,8,7,,,10,6,9,5,7,6,8,9,6,,10,8,4,6,9,8,
"MGY","M","wht",,21,22,14,15,12,22,29,22,17,16,11,17,19,22,23,21,21,,22,25,15,20,16,25,33,26,19,19,15,22,25,29,28,31,38,,36,30,25,22,20,27,36,35,29,30,22,26,29,35,30,31,39,,38,33,26,25,24,29,40,38,32,35,25,28,33,38,31,40,52
"MIH","M","aa",,,,,,,,,,,,,,,,,,,,,,,,,,,,,,,,,,,,,,,,,,,,,,,,,,,,,,,,,,,,,,,,,,,,,,,,
"MIH","M","hsp",,,,,,,,,,,,,,,,,,,,,,,,,,,,,,,,,,,,,,,,,4,,5,,,,,,,,,,,,,,,,4,,5,,,,,,,,,,,
"MIH","M","oth",,27,29,27,28,39,34,28,28,32,32,37,28,40,28,34,30,26,,43,43,43,48,61,52,43,43,46,52,55,52,52,41,54,42,41,,49,48,51,51,64,64,44,46,35,35,40,33,43,28,36,33,28,,52,60,57,55,70,71,53,53,43,39,46,46,47,34,45,38,41
"MIH","M","wht",,70,73,66,66,66,58,57,64,47,38,43,40,51,39,56,44,39,,103,104,98,101,90,85,96,94,78,68,82,55,70,69,73,69,68,,125,111,112,108,115,91,102,116,78,59,68,62,88,72,89,74,70,,132,126,121,127,126,108,124,130,98,80,89,75,100,88,106,94,87
"MLA","M","aa",,2,7,6,,5,5,2,4,5,3,2,,,,,4,2,,6,10,10,,6,6,6,6,6,4,5,,,,,5,4,,3,9,9,5,7,6,4,6,5,5,5,,,5,4,5,6,,6,12,9,6,9,6,7,7,6,7,8,,,5,5,7,6
"MLA","M","hsp",,4,1,0,3,,5,5,,3,2,4,3,,5,,,,,5,4,4,5,,7,5,,4,4,5,4,,5,,,,,5,2,,5,8,6,8,,3,2,5,,3,5,4,4,4,,5,4,,6,8,7,8,,4,4,5,,4,5,5,4,4
"MLA","M","oth",,30,21,18,16,15,10,10,13,14,7,10,9,5,5,7,7,1,,42,34,31,24,18,13,13,21,21,19,16,16,9,8,9,11,4,,55,42,36,32,36,31,30,30,19,13,19,26,11,7,12,8,4,,59,46,44,37,38,33,32,32,23,22,21,30,15,10,15,10,6
"MLA","M","wht",,252,268,238,236,214,212,215,177,179,164,144,131,136,103,108,96,104,,358,357,352,324,287,318,296,235,245,232,181,179,179,138,135,125,134,,344,386,327,318,310,329,345,281,246,230,217,233,229,215,197,202,190,,378,423,392,357,342,381,398,318,279,270,237,258,257,253,218,217,209
"MRI","M","aa",,,,,,,,,,,,,,,,,,,,,,,,,,,,,,,,,,,,,,,,,,,,,,,,,,,,,,,,,,,,,,,,,,,,,,,,
"MRI","M","hsp",,,,,,,,,,,,,,,,,,,,,,,,,,,,,,,,,,,,,,,,,,,,,,,,,,,,,,,,,,,,,,,,,,,,,,,,
"MRI","M","oth",,,,,,,,,,,,,,,,,,,,,,,,,,,,,,,,,,,,,,,,,,,,,,,,,,,,,,,,,,,,,,,,,,,,,,,,
"MRI","M","wht",,,,,,,,,,,,,2,12,15,11,12,12,,,,,,,,,,,,,4,17,22,18,24,18,,,,,,,,,,,,,2,17,19,14,18,13,,,,,,,,,,,,,4,20,25,21,27,16
"MSK","M","aa",,,,,,,,,,,,,,,,,,,,,,,,,,,,,,,,,,,,,,,,,,,,,,,,,,,,,,,,,,,,,,,,,,,,,,,,
"MSK","M","hsp",,,,,,,,,,,,,,,,,,,,,,,,,,,,,,,,,,,,,,,,,,,,,,,,,,,,,,,,,,,,,,,,,,,,,,,,
"MSK","M","oth",,4,7,5,6,4,,7,2,,4,,,4,3,,4,4,,6,9,7,11,6,,9,6,,5,,,6,5,,4,6,,8,8,8,8,5,8,11,5,6,9,,3,8,5,4,7,9,,9,10,9,10,6,9,12,5,6,11,,4,9,9,4,7,11
"MSK","M","wht",,6,,9,4,,7,4,7,7,5,8,4,7,6,7,3,4,,6,,10,9,,10,6,9,11,5,12,5,8,8,8,6,7,,12,10,19,11,7,12,11,14,12,8,10,7,10,7,11,6,5,,12,10,19,12,9,15,13,16,16,9,10,9,10,9,11,6,6
"MSO","M","aa",,55,42,50,45,47,44,33,36,33,36,28,20,17,40,25,13,16,,92,96,81,89,74,81,64,58,61,71,62,46,36,58,49,31,35,,74,72,61,61,65,60,50,55,48,46,36,31,23,44,41,22,23,,95,95,75,83,88,82,75,68,67,72,56,53,42,55,62,39,39
"MSO","M","hsp",,49,45,53,48,41,41,44,37,31,28,27,24,28,29,19,19,24,,86,88,96,96,84,86,84,69,62,54,54,53,48,54,46,48,51,,73,74,75,65,63,61,59,54,42,44,40,32,40,42,30,29,35,,88,93,98,84,86,94,78,74,58,64,55,54,55,62,47,45,54
"MSO","M","oth",,112,105,95,86,87,105,90,87,94,91,84,90,79,70,63,61,52,,223,197,171,150,159,161,173,154,157,172,145,154,142,132,121,113,107,,181,187,193,164,146,170,169,158,142,124,149,147,124,123,98,101,80,,220,220,237,195,181,197,203,199,185,169,180,190,159,163,128,133,106
"MSO","M","wht",,333,300,294,308,327,325,314,351,334,345,280,290,305,299,291,305,297,,503,480,494,511,544,516,513,565,538,575,483,497,506,475,489,527,505,,422,398,403,408,420,426,422,455,440,422,362,383,399,400,382,406,409,,468,450,461,464,506,494,518,533,549,531,441,494,491,477,496,503,535
"MSW","M","aa",,5,2,7,6,3,1,4,9,3,5,2,4,3,6,6,11,6,,9,8,10,9,5,8,7,13,11,10,9,11,5,10,7,20,9,,8,3,9,9,10,5,7,9,3,7,4,5,5,8,8,12,7,,9,8,11,11,12,8,9,12,10,13,9,10,7,9,9,20,10
"MSW","M","hsp",,15,21,13,11,12,13,8,12,2,7,13,6,6,7,6,7,4,,20,26,20,15,16,19,14,14,6,14,19,8,7,10,9,12,8,,17,24,19,18,17,13,10,16,7,10,15,7,6,10,9,10,5,,19,29,24,21,18,20,15,16,11,14,19,10,7,13,13,15,7
"MSW","M","oth",,64,46,48,59,59,65,50,62,38,47,46,44,52,45,55,34,28,,87,65,76,83,75,86,70,89,58,81,66,61,71,68,74,54,39,,111,94,101,111,100,101,101,98,56,66,65,71,72,73,83,52,47,,123,105,114,128,111,115,117,105,68,82,74,85,83,89,101,62,56
"MSW","M","wht",,334,321,322,341,340,294,257,277,287,279,267,278,273,250,265,277,284,,442,423,432,460,480,390,382,378,382,381,364,396,392,388,390,402,432,,440,420,427,426,456,401,370,388,346,326,328,390,359,330,341,347,352,,487,464,490,492,524,469,443,457,403,390,378,453,440,408,416,418,436
"MTE","M","aa",,15,3,9,9,11,4,10,11,4,15,10,5,11,16,13,13,13,,19,9,12,18,21,13,16,20,16,26,18,19,15,27,25,24,28,,15,5,12,11,17,7,9,14,11,13,7,10,12,21,15,16,20,,17,10,14,15,24,11,15,22,19,21,11,22,19,28,26,28,30
"MTE","M","hsp",,11,8,14,11,12,9,2,10,11,4,8,3,6,7,8,9,6,,18,15,22,18,18,19,12,12,16,8,11,7,14,11,16,15,11,,21,17,17,16,18,19,8,16,20,17,16,11,13,16,17,16,12,,21,19,19,18,20,22,13,17,23,21,20,13,16,19,20,19,16
"MTE","M","oth",,114,99,110,102,108,87,75,93,82,96,83,69,90,88,71,73,84,,159,141,164,154,153,135,116,135,132,145,133,105,133,142,116,119,123,,221,173,231,221,214,193,172,210,184,206,170,155,158,172,142,148,159,,236,190,242,238,243,225,202,236,221,235,199,186,184,199,170,179,181
"MTE","M","wht",,117,111,115,124,124,102,112,100,107,114,120,100,112,135,125,126,147,,168,149,172,173,182,164,168,163,160,157,185,156,175,206,204,184,221,,171,178,179,180,189,160,183,170,153,155,178,146,170,182,183,196,205,,185,193,192,199,221,193,204,189,186,173,207,165,212,222,216,233,240
"MTR","M","aa",,214,197,170,215,214,160,179,190,152,158,139,144,157,149,133,148,152,,369,351,325,368,374,343,337,350,308,310,286,285,286,260,254,274,298,,291,275,261,298,287,224,262,262,218,216,226,206,220,217,197,208,192,,408,399,380,421,421,381,402,395,357,360,373,356,328,326,306,316,326
"MTR","M","hsp",,49,50,48,45,31,26,38,39,44,32,21,33,23,19,20,24,27,,74,82,78,69,51,50,60,71,67,54,38,59,52,39,48,50,55,,71,66,58,57,45,42,51,50,56,48,37,44,31,31,29,39,36,,81,86,78,69,62,55,66,68,70,62,51,64,58,55,54,58,61
"MTR","M","oth",,101,85,81,97,91,60,74,51,51,65,68,41,59,54,72,54,48,,150,145,140,133,131,103,110,96,101,113,115,92,97,92,109,93,84,,174,158,176,192,193,151,142,130,112,130,152,128,122,107,119,108,84,,207,196,215,228,217,194,173,170,157,168,186,181,158,150,164,134,117
"MTR","M","wht",,609,572,563,630,601,514,481,536,479,453,439,448,443,377,388,401,409,,828,785,800,860,859,803,705,795,711,728,672,674,683,616,618,653,639,,781,767,776,815,800,730,694,750,625,630,615,664,630,553,504,524,545,,891,876,890,944,946,910,835,908,776,788,738,813,781,705,650,680,683
"MVB","M","aa",,,,,,,,,,,,,,,,,,,,,,,,,,,,,,,,,,,,,,,,3,,,,,,,,,,,,,,,,,,4,,,,,,,,,,,,,,
"MVB","M","hsp",,5,3,6,3,,4,2,,2,,,3,,,3,3,4,,5,4,6,4,,4,4,,4,,,5,,,4,4,5,,5,3,6,,,4,3,,3,,2,3,,,,3,5,,5,4,6,,,4,4,,5,,5,4,,,,4,6
"MVB","M","oth",,4,3,7,6,6,4,7,2,,4,5,10,,3,7,2,4,,12,9,11,7,10,7,7,5,,9,9,12,,5,11,5,7,,10,8,13,10,8,8,15,5,8,7,8,12,4,5,9,5,4,,16,9,14,13,10,9,18,6,8,12,12,13,5,6,13,6,7
"MVB","M","wht",,33,37,30,39,38,36,28,31,29,23,25,25,29,24,17,18,22,,38,46,39,52,47,49,44,40,47,35,35,40,44,33,34,32,44,,37,42,36,39,35,40,31,34,32,26,28,31,35,28,21,27,34,,40,47,41,45,39,45,40,38,46,36,32,42,41,34,37,38,46
"MWP","M","aa",,,,,,,,,,,,,,,,,,,,,,,,,,,,,,,,,,,,,,,,,,,,,,,,,,,,,,,,,,,,,,,,,,,,,,,,
"MWP","M","hsp",,,3,,,4,,,,,,,3,,,,,,,,4,,,4,,,,,,,4,,,,,,,,8,5,,9,,4,,4,,,4,,,,,,,,8,6,,9,,4,,5,,,4,,,,,
"MWP","M","oth",,9,10,3,3,3,5,,4,1,3,5,5,,,3,4,,,10,11,4,5,4,6,,4,6,4,6,8,,,4,7,,,22,20,16,9,14,13,11,11,2,5,14,11,6,4,4,8,5,,24,20,16,10,15,14,13,12,6,5,14,14,8,4,4,9,5
"MWP","M","wht",,31,36,23,21,20,17,25,19,21,20,14,12,11,15,14,17,15,,38,38,30,29,27,20,29,26,29,29,16,18,17,24,17,21,17,,54,59,49,51,42,47,45,49,36,35,39,37,19,33,37,34,24,,62,61,52,58,49,50,57,56,44,44,43,42,24,39,43,38,26
"MWR","M","aa",,10,11,11,9,15,11,8,6,14,7,6,6,11,4,12,16,16,,14,18,17,21,26,21,19,15,22,16,22,18,26,19,29,25,40,,13,10,9,11,17,15,11,8,15,12,8,14,17,14,16,23,24,,14,15,14,16,23,19,15,17,22,18,25,23,33,28,35,32,49
"MWR","M","hsp",,20,14,13,14,12,16,9,11,17,5,9,7,6,7,5,5,4,,27,20,24,29,29,28,22,18,24,13,31,17,15,17,12,12,11,,22,18,18,12,17,16,13,12,17,6,15,11,9,12,7,9,4,,26,24,27,14,28,22,23,18,22,11,26,21,15,18,12,13,14
"MWR","M","oth",,15,12,13,21,17,13,9,10,9,11,11,7,8,12,3,8,5,,39,29,27,45,31,25,20,22,23,17,19,17,18,24,11,17,22,,26,25,24,36,26,22,25,16,10,11,20,21,13,23,4,14,5,,37,28,30,45,34,28,31,22,16,13,24,37,21,30,13,21,11
"MWR","M","wht",,144,172,152,170,161,170,157,149,179,148,141,136,155,151,123,118,112,,258,293,273,288,295,311,270,272,294,256,257,233,277,259,238,213,243,,193,236,212,213,224,216,213,212,201,222,197,214,239,220,185,183,175,,254,296,270,277,291,288,286,280,268,302,266,269,324,307,275,254,268
"WBB","W","aa",,370,334,382,362,315,323,350,305,295,279,279,273,262,224,224,204,223,,576,528,601,628,575,566,550,501,479,449,447,455,412,395,371,335,371,,530,490,511,512,441,456,474,431,414,379,371,368,337,310,291,276,281,,597,547,604,618,558,587,590,543,523,501,486,491,455,434,418,376,399
"WBB","W","hsp",,18,16,17,13,11,7,13,12,7,11,7,6,11,8,12,10,7,,24,29,25,18,15,15,20,23,11,16,12,13,16,12,21,14,12,,26,24,24,18,20,11,16,19,15,14,12,12,16,9,19,16,12,,28,28,24,19,21,13,18,23,18,15,14,16,17,12,23,20,16
"WBB","W","oth",,92,87,79,69,62,64,52,64,76,54,72,67,52,51,57,56,41,,218,173,127,119,94,104,76,109,109,100,111,112,91,83,88,86,69,,139,140,136,125,105,116,93,102,128,104,126,99,92,91,84,84,57,,158,150,148,134,118,135,105,119,143,122,143,124,111,110,101,100,74
"WBB","W","wht",,268,285,291,286,317,343,331,319,331,344,348,348,350,381,404,395,411,,395,409,426,420,457,474,502,483,512,509,517,507,532,557,590,564,609,,331,360,366,352,405,427,431,406,405,447,434,435,442,495,497,497,498,,349,377,383,372,423,461,485,439,447,504,475,495,500,555,574,547,571
"WBW","W","aa",,13,14,11,9,15,6,8,7,10,8,13,6,,4,10,,,,19,19,15,12,22,13,14,16,19,12,19,13,,9,10,,,,13,14,9,9,12,6,9,10,14,11,9,8,,4,10,,,,16,15,11,9,16,11,17,14,18,11,12,12,,8,11,,
"WBW","W","hsp",,5,,,,,,,,,,,,,,,,,,6,,,,,,,,,,,,,,,,,,6,4,,5,,,,,,,,,,,,,,,6,4,,5,,,,,,,,,,,,,
"WBW","W","oth",,5,,4,4,,,,,,,,,,,,,,,6,,4,4,,,,,,,,,,,,,,,7,4,4,5,,,,,,,,,,,,,,,9,4,4,5,,,,,,,,,,,,,
"WBW","W","wht",,22,22,24,13,21,9,12,13,4,4,3,5,5,2,,,,,30,35,30,23,28,17,20,17,12,11,6,8,8,6,,,,,25,25,28,18,22,12,15,16,8,6,8,7,5,2,,,,,28,28,30,20,25,19,22,19,13,10,10,9,7,5,,,
"WCR","W","aa",,5,4,6,4,5,5,3,5,,,2,,,,,5,,,6,5,6,5,7,5,4,5,,,4,,,,,5,,,6,7,6,5,8,6,5,7,,3,5,3,,,,5,,,6,7,6,5,9,6,5,7,,4,7,4,,,,5,
"WCR","W","hsp",,4,9,13,7,6,5,7,9,3,9,4,,5,1,,,,,10,12,15,8,7,6,8,11,4,9,7,,7,4,,,,,7,12,18,11,14,8,8,10,4,10,5,,9,,,,,,9,14,19,11,15,9,9,11,4,10,7,,9,,,,
"WCR","W","oth",,49,41,39,38,55,56,42,57,58,40,31,28,37,20,10,5,10,,63,61,50,59,63,73,54,74,75,52,37,42,54,27,17,5,11,,83,76,66,54,75,84,74,81,66,52,49,44,45,30,18,10,13,,88,86,68,62,80,88,77,90,71,58,50,46,53,32,21,12,14
"WCR","W","wht",,295,270,266,310,265,222,245,238,219,242,193,165,122,95,60,67,26,,350,331,323,367,315,278,292,290,260,302,238,227,158,128,78,79,32,,355,346,352,363,345,304,341,298,291,294,260,244,168,115,83,88,43,,369,369,372,380,369,327,359,323,318,317,284,266,188,129,93,98,49
"WFE","W","aa",,,,,,,,,,,,,,,,,,,,,,,,,,,,,,,,,,,,,,,2,5,,,,,,,,,,,,,,,,,4,5,,,,,,,,,,,,,,
"WFE","W","hsp",,,,,,,,,,,,,,,,,,,,,,,,,,,,,,,,,,,,,,,,,,,4,,,,,,,,,,,,,,,,,,4,,,,,,,,,,,
"WFE","W","oth",,7,5,7,,,7,2,5,,,5,,4,,,,,,8,7,8,,,7,4,5,,,5,,5,,,,,,18,17,24,17,15,18,7,21,,5,6,4,6,4,4,,,,19,20,25,17,16,18,7,21,,5,6,4,7,4,4,,
"WFE","W","wht",,16,2,12,10,8,19,10,5,12,11,10,12,5,9,8,,4,,19,4,14,13,13,22,12,8,15,11,15,13,6,11,10,,5,,27,12,26,23,19,34,32,23,14,12,11,18,9,13,12,10,8,,29,14,27,26,21,36,33,25,17,12,13,20,10,14,12,11,9
"WFH","W","aa",,6,,4,,3,,,3,2,,2,,2,,,,5,,9,,8,,4,,,5,4,,4,,4,,,,5,,8,,4,,4,,,4,,,,,2,,,,5,,9,,5,,4,,,4,,,,,4,,,,5
"WFH","W","hsp",,4,,5,5,6,5,4,5,,3,3,6,6,4,,3,10,,6,,6,7,6,5,5,7,,6,4,7,7,4,,4,12,,6,3,8,6,7,6,4,3,,4,,7,7,5,,3,10,,6,4,8,6,8,6,4,4,,7,,7,8,5,,4,10
"WFH","W","oth",,45,31,33,34,35,31,31,13,28,23,23,14,22,19,13,15,11,,60,48,50,44,49,45,47,27,36,30,36,29,32,33,21,19,17,,64,48,54,53,45,46,56,19,32,28,26,19,27,20,16,18,12,,68,50,56,57,46,50,61,24,33,33,30,27,31,24,24,20,14
"WFH","W","wht",,220,221,192,238,234,220,205,242,204,205,198,199,205,176,181,183,169,,264,266,237,275,276,274,269,288,251,238,241,234,233,211,222,222,203,,247,256,220,263,266,256,233,271,209,211,203,201,213,193,190,202,182,,257,266,229,269,271,279,247,282,224,220,215,210,224,199,201,214,196
"WGO","W","aa",,10,19,12,18,13,9,12,6,6,8,9,12,11,7,4,4,5,,12,22,16,19,20,9,21,7,11,10,17,17,15,9,7,4,6,,11,18,10,24,12,10,11,7,10,8,8,13,12,7,5,6,8,,14,20,12,24,14,10,16,8,13,9,13,16,15,9,6,6,9
"WGO","W","hsp",,13,11,14,12,8,13,11,9,12,10,12,5,8,3,3,3,6,,20,13,17,18,12,14,14,15,17,11,15,5,9,8,5,5,6,,13,15,20,16,10,18,12,11,14,12,14,5,9,4,4,4,6,,15,15,22,17,12,19,14,14,15,14,15,5,9,7,7,4,5
"WGO","W","oth",,123,97,86,80,72,79,67,69,67,55,52,45,50,44,32,37,29,,157,131,128,115,103,119,94,91,98,84,87,73,71,64,61,52,37,,157,130,128,112,91,106,91,89,82,77,69,57,62,51,43,51,37,,163,139,136,123,103,123,97,101,95,84,86,64,73,66,58,56,41
"WGO","W","wht",,224,213,240,218,229,233,222,219,220,199,185,182,206,165,162,146,153,,291,281,302,297,307,293,288,303,297,265,241,255,280,239,234,212,242,,264,246,278,255,270,276,274,259,254,237,221,222,242,196,188,169,177,,279,263,287,273,292,295,292,292,275,269,246,251,269,217,213,188,203
"WGY","W","aa",,13,10,11,8,11,11,13,12,6,10,5,5,5,6,4,3,6,,14,12,13,10,11,17,14,13,7,13,5,7,6,6,5,5,9,,13,13,13,8,12,12,15,12,6,11,5,5,5,7,4,3,6,,13,13,13,9,12,14,16,13,7,12,5,7,5,7,4,5,6
"WGY","W","hsp",,5,7,10,7,,4,5,4,4,4,4,2,,5,4,6,,,6,11,12,7,,6,8,6,8,5,5,4,,6,6,6,,,5,9,11,8,6,4,6,5,4,4,5,,,5,4,7,,,5,10,11,8,6,6,6,5,6,5,5,,,6,5,7,
"WGY","W","oth",,19,21,16,25,19,27,24,16,26,22,13,20,17,17,15,17,14,,24,22,21,29,25,28,28,23,31,25,20,24,23,18,17,20,14,,26,28,24,35,28,31,36,21,25,22,16,23,18,18,16,21,15,,27,29,25,35,30,32,38,22,27,23,19,23,20,18,17,23,15
"WGY","W","wht",,113,108,99,97,113,115,103,106,103,114,106,116,138,125,113,119,112,,130,131,114,108,126,137,114,127,129,138,131,134,157,140,138,135,133,,129,132,123,112,121,130,124,120,104,111,112,125,147,139,121,128,125,,135,138,127,113,128,135,128,132,111,121,120,131,152,143,137,137,135
"WIH","W","aa",,,,,,,,,,,,,,,,,,,,,,,,,,,,,,,,,,,,,,,,,,,,,,,,,,,,,,,,,,,,,,,,,,,,,,,,
"WIH","W","hsp",,,,,,,,,,,,,,,,,,,,,,,,,,,,,,,,,,,,,,,,,,,,4,,,,,,,,,,,,,,,,,,4,,,,,,,,,,
"WIH","W","oth",,25,27,29,33,25,25,29,15,35,20,20,22,10,4,,,,,32,34,38,39,36,32,39,29,40,28,26,24,11,8,,,,,40,52,46,50,41,44,46,30,30,21,20,25,12,5,4,,,,41,54,48,50,43,48,50,33,33,23,22,26,13,7,4,,
"WIH","W","wht",,49,37,43,46,40,41,39,29,25,21,27,24,30,27,11,12,11,,62,53,59,52,51,51,45,35,33,29,38,32,43,40,17,15,15,,59,52,59,57,67,64,64,45,30,31,33,35,38,29,13,13,11,,59,56,62,58,70,66,65,47,35,42,39,36,43,34,16,13,13
"WLA","W","aa",,5,11,3,5,3,3,3,5,7,4,7,,4,,5,,3,,6,17,4,8,7,5,5,9,11,6,9,,6,,7,,4,,5,11,5,8,5,4,4,6,7,4,9,,4,,5,,,,6,13,5,9,7,5,5,9,8,6,10,,6,,7,,
"WLA","W","hsp",,5,14,10,10,4,4,4,4,3,4,5,3,,,,4,,,6,17,11,12,4,5,5,5,5,4,7,4,,,,5,,,5,14,12,10,4,5,4,5,3,4,5,3,,,,4,,,5,14,13,12,5,5,4,5,5,4,5,4,,,,4,
"WLA","W","oth",,29,23,33,26,19,19,26,14,13,14,13,13,15,5,12,7,6,,39,33,41,29,24,24,33,18,17,17,17,16,18,10,17,10,11,,44,46,52,42,36,33,42,29,14,14,13,15,21,7,13,10,8,,46,50,54,43,39,35,43,29,16,16,14,15,24,9,14,13,10
"WLA","W","wht",,429,382,357,325,330,296,300,286,251,256,223,208,177,170,164,96,98,,519,462,441,405,405,377,367,357,301,309,254,252,208,200,191,123,114,,501,446,421,401,387,368,353,339,276,277,237,222,191,190,195,104,112,,518,456,439,415,408,387,366,358,291,296,246,234,203,203,202,110,118
"WRI","W","aa",,,,,,,,,,,,,,,,,,,,,,,,,,,,,,,,,,,,,,,,,,,,,,,,,,,,,,,,,,,,,,,,,,,,,,,,
"WRI","W","hsp",,,,,,,,,,,,,,,,,,,,,,,,,,,,,,,,,,,,,,,,,,,,,,,,,,,,,,,,,,,,,,,,,,,,,,,,
"WRI","W","oth",,,,,,,,,,,,,,,,,,,,,,,,,,,,,,,,,,,,,,,,,,,,,,,,,,,,,,,,,,,,,,,,,,,,,,,,
"WRI","W","wht",,,,,,,,,,,,,4,8,8,7,5,4,,,,,,,,,,,,,6,11,15,10,6,7,,,,,,,,,,,,,4,8,9,10,6,5,,,,,,,,,,,,,6,10,13,13,7,6
"WSB","W","aa",,64,63,72,66,65,48,35,58,61,61,54,38,44,55,49,23,25,,93,94,100,110,95,82,66,81,92,93,80,66,61,75,73,42,42,,76,77,96,86,76,60,52,73,72,67,66,48,58,62,56,27,33,,97,94,113,107,96,86,72,89,93,86,85,73,74,79,75,39,54
"WSB","W","hsp",,68,67,61,86,55,71,65,56,47,40,36,27,25,31,21,18,14,,114,98,100,123,84,106,91,78,64,58,57,46,46,45,35,34,28,,91,91,80,104,72,90,83,72,61,56,53,33,33,45,30,29,22,,112,106,96,121,83,110,99,84,74,67,64,45,45,55,39,38,33
"WSB","W","oth",,86,89,63,75,53,46,52,40,50,51,55,46,45,38,28,27,33,,127,131,78,105,79,75,77,76,74,64,82,69,66,58,44,46,44,,116,125,102,117,74,78,85,59,64,59,69,70,58,51,43,37,43,,123,137,107,128,81,93,93,78,83,68,87,81,69,64,55,48,54
"WSB","W","wht",,665,660,631,701,669,692,595,628,658,581,560,543,532,513,560,460,446,,934,918,902,950,958,941,880,886,922,844,803,765,752,716,788,645,643,,833,808,791,847,839,847,762,782,777,718,683,653,651,635,667,571,526,,896,872,865,912,933,962,876,882,889,834,772,736,742,735,772,661,617
"WSK","W","aa",,,,,,,,,,,,,,,,,,,,,,,,,,,,,,,,,,,,,,,,,,,,,,,,,,,,,,,,,,,,,,,,,,,,,,,,
"WSK","W","hsp",,,,,,,,,,,,,,,,,,,,,,,,,,,,,,,,,,,,,,,,,,,,,,,,,,,,,,,,,,,,,,,,,,,,,,,,
"WSK","W","oth",,5,3,6,1,4,7,6,5,3,3,0,5,2,3,3,,4,,6,6,7,5,5,9,7,6,5,4,5,7,4,5,4,,7,,10,7,8,9,6,9,9,9,4,5,7,9,5,9,6,,7,,10,7,8,12,7,10,9,11,5,6,7,9,5,10,8,,7
"WSK","W","wht",,7,7,7,7,11,4,7,9,4,10,11,7,10,8,11,9,7,,8,9,11,8,13,7,10,13,10,13,14,7,10,11,14,12,10,,17,16,22,18,26,13,12,14,11,14,12,8,13,13,13,13,10,,17,16,22,18,26,14,14,14,11,14,13,8,13,14,13,13,10
"WSO","W","aa",,71,51,61,73,67,71,59,72,53,51,36,37,37,25,22,16,13,,103,83,107,112,95,102,83,104,76,68,48,48,41,34,31,22,16,,87,65,75,88,73,88,66,81,60,57,37,38,42,29,24,18,14,,99,77,95,101,86,104,85,98,75,69,43,44,45,39,28,23,17
"WSO","W","hsp",,71,86,86,83,52,63,54,55,49,36,35,35,32,21,30,20,26,,93,115,125,120,87,86,94,74,73,54,52,52,46,38,42,37,40,,85,106,101,95,73,70,66,63,59,42,44,42,40,25,38,26,37,,94,115,110,115,87,82,89,73,72,52,53,56,51,31,44,31,45
"WSO","W","oth",,178,194,163,163,140,117,109,118,104,88,91,108,83,63,77,66,41,,254,270,232,238,200,167,174,159,150,136,148,171,131,100,116,89,70,,225,239,221,219,178,161,145,160,125,107,113,133,103,78,98,82,55,,242,263,244,242,196,183,169,178,141,128,138,159,117,99,117,95,74
"WSO","W","wht",,1016,1082,1006,1116,1068,1040,943,934,912,889,857,860,812,701,691,628,549,,1369,1440,1385,1481,1433,1412,1273,1281,1274,1240,1196,1164,1127,996,971,907,768,,1164,1239,1156,1276,1190,1200,1103,1081,1023,1055,984,962,932,799,793,744,659,,1230,1296,1225,1353,1294,1341,1214,1173,1146,1182,1095,1053,1037,905,890,855,754
"WSW","W","aa",,13,15,7,8,3,6,8,4,7,11,12,9,9,5,3,10,5,,14,18,13,8,7,11,13,11,15,15,17,10,12,7,5,14,8,,15,12,11,10,4,7,9,5,10,12,12,12,10,5,4,12,5,,15,13,12,10,7,10,12,9,15,17,14,13,14,6,6,16,8
"WSW","W","hsp",,21,40,22,30,29,22,20,18,11,8,15,9,15,8,10,8,14,,29,43,27,37,39,27,23,22,13,13,19,10,23,10,15,13,16,,27,43,27,35,29,27,27,23,14,12,15,11,15,10,14,11,14,,35,44,28,40,30,30,30,24,16,14,18,14,16,10,15,14,15
"WSW","W","oth",,126,112,102,105,76,92,104,69,82,80,69,66,71,69,46,48,44,,156,135,135,124,105,115,127,90,105,103,105,92,94,96,60,70,58,,171,158,145,150,125,129,147,108,97,105,86,98,95,93,64,68,62,,179,170,160,162,138,142,157,121,110,112,105,105,104,104,72,82,70
"WSW","W","wht",,643,658,652,656,636,625,571,572,596,511,494,526,461,495,447,428,449,,763,807,816,821,813,785,707,743,749,673,652,677,625,673,585,558,583,,732,769,757,755,731,742,690,705,670,586,579,640,582,561,517,503,531,,758,803,790,798,778,809,748,765,731,636,630,703,643,620,567,540,581
"WTE","W","aa",,20,20,14,22,24,22,22,13,18,15,14,15,21,17,13,17,21,,29,25,23,32,29,31,31,19,25,28,22,21,27,20,21,26,32,,27,26,26,31,27,31,27,22,24,19,16,20,24,19,15,21,25,,33,29,31,35,31,38,34,27,29,30,21,24,30,24,21,28,32
"WTE","W","hsp",,13,20,17,17,11,12,14,11,12,10,9,8,14,14,11,8,13,,19,22,22,23,14,20,19,16,15,13,12,12,18,18,12,13,16,,26,27,26,24,24,20,20,19,26,21,14,17,18,16,23,10,16,,26,27,28,24,24,23,22,24,30,22,15,18,22,18,25,11,20
"WTE","W","oth",,145,162,147,139,154,127,142,145,102,106,98,108,106,101,76,63,77,,204,229,210,216,210,184,193,203,162,164,158,169,168,140,129,113,129,,239,241,240,237,252,205,248,235,189,185,176,180,171,173,138,126,123,,248,255,258,251,266,235,265,257,210,211,196,207,198,196,162,149,149
"WTE","W","wht",,179,182,169,161,176,176,186,170,200,169,174,177,180,188,200,203,191,,229,241,227,209,229,242,240,232,260,220,245,246,244,271,274,258,268,,215,232,221,218,244,240,238,241,250,214,232,226,249,236,253,256,242,,225,240,233,230,254,262,252,262,269,236,262,249,272,262,281,279,273
"WTR","W","aa",,456,427,417,396,440,377,364,387,350,314,311,329,313,295,272,244,237,,630,620,627,596,659,598,557,586,559,511,467,529,487,455,438,395,393,,555,527,511,494,544,467,460,496,433,391,378,379,384,353,331,297,290,,656,619,619,620,663,619,610,631,580,514,483,500,518,487,457,401,401
"WTR","W","hsp",,47,56,49,45,43,41,32,51,38,33,32,26,35,23,27,29,18,,64,76,64,63,58,66,52,74,56,50,48,44,48,31,43,44,25,,62,69,71,59,53,55,52,63,54,42,39,39,41,27,37,35,21,,72,76,77,69,68,67,66,76,65,53,51,48,48,31,50,48,29
"WTR","W","oth",,141,138,151,132,86,102,93,87,83,98,79,99,82,96,80,94,48,,210,214,210,185,144,150,140,121,139,143,121,148,145,150,132,133,90,,222,244,228,235,205,190,185,171,140,165,142,158,126,138,123,137,94,,249,279,247,261,239,216,216,198,171,196,164,190,147,161,162,163,123
"WTR","W","wht",,885,904,883,889,797,816,773,697,733,712,719,616,617,564,584,610,503,,1082,1077,1115,1126,1053,1096,1026,928,975,938,958,840,843,784,844,845,713,,1041,1068,1093,1070,982,974,956,886,860,871,854,762,739,683,733,760,627,,1096,1114,1158,1150,1080,1081,1052,981,959,965,954,840,836,766,822,872,702
"WVB","W","aa",,93,80,93,70,79,83,81,81,85,59,59,60,54,50,63,45,45,,122,121,128,114,124,121,121,114,131,94,89,87,92,78,86,59,85,,116,100,112,102,100,111,108,99,106,75,72,77,67,59,73,59,52,,132,114,127,120,124,132,131,118,139,103,91,101,93,83,83,71,83
"WVB","W","hsp",,36,22,25,15,20,14,19,14,15,9,14,11,8,15,8,11,6,,50,29,32,27,29,18,24,19,20,16,22,18,16,23,17,19,11,,50,31,37,29,33,30,29,24,19,11,21,16,11,19,16,16,7,,56,35,38,36,35,31,32,26,25,15,23,19,16,23,20,23,10
"WVB","W","oth",,77,74,68,58,58,73,50,60,71,72,52,46,56,51,43,39,27,,130,112,105,98,93,107,69,92,111,112,91,84,96,79,68,55,46,,130,113,130,116,92,113,97,117,111,112,93,73,81,67,59,54,43,,143,127,144,130,103,133,105,125,131,128,108,91,97,74,77,65,56
"WVB","W","wht",,457,482,480,491,525,497,475,485,493,444,495,490,487,470,441,446,436,,627,657,652,672,721,699,658,680,704,629,685,658,664,628,627,649,645,,571,601,602,608,641,610,583,588,585,542,586,566,571,538,520,533,503,,591,630,638,643,682,667,640,646,647,598,652,621,626,601,587,605,579
"WWP","W","aa",,,,,,,,,,,,,,4,,,,,,,,,,,,,,,,,,4,,,,,,,,,,,,,,,,,,4,,,,,,,,,,,,,,,,,,4,,,,
"WWP","W","hsp",,5,7,2,5,4,7,8,6,,6,,,,,,,,,7,8,8,9,6,8,10,11,,6,,,,,,,,,6,7,3,4,4,8,8,8,,8,,,,3,,,,,6,7,6,5,5,8,8,10,,8,,,,4,,,
"WWP","W","oth",,9,12,13,10,20,6,13,8,3,10,4,6,6,4,3,,,,16,18,16,14,23,9,16,10,6,13,8,7,9,5,5,,,,22,19,15,25,31,17,19,19,11,16,8,10,7,5,8,3,,,24,21,16,26,35,17,25,19,12,18,11,14,8,6,12,4,
"WWP","W","wht",,61,66,79,63,74,66,56,46,43,38,47,37,26,31,30,10,13,,71,78,96,81,88,79,62,62,57,49,62,50,36,40,35,13,14,,72,75,81,71,84,76,55,51,54,49,59,50,31,43,39,17,19,,77,77,85,77,90,79,60,57,60,53,64,61,35,52,40,21,19
"XRI","M","aa",,,,,,,,,,,,,,,,,,,,,,,,,,,,,,,,,,,,,,,,,,,,,,,,,,,,,,,,,,,,,,,,,,,,,,,,
"XRI","M","hsp",,,,,,,,,,,,,,,,,,,,,,,,,,,,,,,,,,,,,,,,,,,,,,,,,,,,,,,,,,,,,,,,,,,,,,,,
"XRI","M","oth",,,,,,,,,,,,4,,,,,,,,,,,,,,,,,,6,,,,,,,,,5,5,5,,,,3,,,5,,,,,,,,,5,5,5,,,,5,,,5,,,,,,
"XRI","M","wht",,13,7,7,5,10,11,5,12,8,20,10,,,,,,,,17,8,11,11,17,14,12,14,15,29,18,,,,,,,,34,35,37,26,27,30,22,31,27,25,12,,,,,,,,40,38,42,30,31,33,33,36,35,31,16,,,,,,
"XRI","W","aa",,,,,,,,,,,,,,,,,,,,,,,,,,,,,,,,,,,,,,,,,,,,,,,,,,,,,,,,,,,,,,,,,,,,,,,,
"XRI","W","hsp",,,,,,,,,,,,,,,,,,,,,,,,,,,,,,,,,,,,,,,,,,,,,,,,,,,,,,,,,,,,,,,,,,,,,,,,
"XRI","W","oth",,,,,,,,,,,,,,,,,,,,,,,,,,,,,,,,,,,,,,,,,,,,,,,,,,,,,,,,,,,,,,,,,,,,,,,,
"XRI","W","wht",,16,17,15,15,12,13,9,15,14,,,,,,,,,,17,20,19,18,19,19,14,21,26,,,,,,,,,,,,,,,,,,,,,,,,,,,,,,,,,,,,,,,,,,,,
